1
7
9
13
18
19
21
22
23
25
27
35
37
42
43
49
53
56
57
66
69
75
77
79
80
81
85
87
88
92
94
97
101
102
105
107
108
109
110
111
113
115
118
119
123
129
135
137
138
139
143
144
156
161
175
179
193
217
220
222
264
280
384
389
402
407
422
443
444
445
446
454
455
457
464
465
500
502
512
513
514
515
524
540
548
554
563
585
587
591
593
617
623
626
631
636
647
655
689
705
771
783
831
873
875
888
902
910
912
921
969
990
993
995
998
999
1000
1024
1025
1026
1027
1028
1029
1030
1031
1032
1033
1034
1035
1036
1037
1038
1039
1040
1041
1042
1043
1067
1080
1090
1098
1099
1100
1101
1102
1103
1128
1129
1158
1194
1199
1211
1220
1221
1234
1241
1270
1300
1311
1337
1352
1433
1434
1435
1440
1471
1494
1521
1530
1533
1581
1582
1604
1670
1720
1723
1745
1755
1801
1811
1863
1900
1944
2000
2001
2002
2010
2049
2067
2100
2101
2103
2105
2107
2121
2171
2172
2173
2175
2199
2207
2221
2222
2280
2301
2323
2362
2380
2381
2394
2401
2525
2533
2598
2638
2701
2702
2725
2809
2869
2905
2906
2947
2967
3000
3001
3037
3050
3057
3128
3200
3217
3268
3269
3273
3299
3306
3310
3333
3343
3372
3389
3460
3465
3500
3628
3632
3690
3780
3790
3817
3847
3872
3900
4000
4001
4002
4016
4020
4100
4322
4333
4353
4355
4433
4444
4445
5000
5009
5038
5040
5051
5060
5061
5093
5168
5222
5227
5247
5250
5351
5353
5355
5400
5405
5432
5433
5466
5498
5520
5521
5554
5555
5560
5580
5631
5632
5666
5722
5800
5801
5802
5803
5814
5900
5901
5902
5903
5920
5984
5985
5986
5999
6000
6001
6002
6050
6060
6070
6080
6101
6103
6106
6161
6262
6346
6347
6379
6405
6502
6503
6504
6542
6557
6660
6661
6667
6789
6889
6905
6988
6996
7000
7001
7002
7003
7004
7005
7006
7007
7008
7009
7010
7021
7071
7080
7144
7181
7210
7272
7400
7414
7426
7443
7510
7547
7551
7579
7580
7597
7680
7681
7700
7701
7777
7778
7787
7800
7801
7878
7879
7890
7902
7980
8000
8001
8008
8009
8014
8020
8023
8028
8030
8050
8051
8080
8081
8082
8085
8086
8087
8088
8090
8091
8095
8098
8101
8118
8161
8180
8205
8222
8300
8303
8333
8400
8443
8444
8503
8642
8686
8701
8787
8799
8800
8812
8834
8880
8888
8889
8890
8899
8901
8902
8903
8980
8999
9000
9001
9002
9003
9004
9005
9010
9050
9080
9081
9084
9090
9099
9100
9111
9152
9160
9200
9201
9256
9300
9389
9390
9391
9443
9495
9500
9711
9788
9809
9810
9811
9812
9813
9814
9815
9855
9875
9910
9991
9999
10000
10001
10008
10021
10050
10051
10080
10098
10099
10162
10202
10203
10443
10616
10628
11000
11001
11099
11211
11234
11333
11460
12000
12174
12203
12221
12345
12346
12397
12401
13013
13364
13500
13838
14000
14330
15000
15001
15200
16000
16102
16959
17185
17200
17300
18881
18980
19300
19810
20000
20010
20031
20034
20101
20111
20171
20222
22222
23472
23791
23943
25000
25025
26000
26122
26256
27000
27015
27017
27374
27888
27900
27960
28222
28784
30000
30718
30821
31001
31099
32764
32913
33000
34205
34443
37337
37718
37777
38080
38292
40007
41025
41080
41523
41524
42424
44334
44818
45230
46823
46824
47001
47002
48080
48899
49152
49153
49154
49155
49156
49157
49158
49159
50000
50001
50002
50003
50004
50013
50050
50500
50501
50502
50503
50504
52302
52869
53413
53770
55553
55555
57399
57772
62078
62514
65301
65535
